5 4
1 2
1 3
0 0
1 4
1 1
1 3
0 1
1 1
0 4
10 10
1 3
2 2
0 9
8 3
6 8
4 2
0 2
0 4
4 6
7 4
3 3
3 7
9 1
1 5
3 1
4 0
6 7
2 6
1 2
2 1
10 10
2 0
2 4
4 0
0 0
1 3
3 1
1 2
0 4
4 3
4 4
0 2
2 1
4 2
1 4
3 1
2 4
0 0
3 3
4 4
0 4
10 10
1 1
4 0
1 2
4 5
3 1
6 0
3 4
2 6
2 0
6 6
1 3
1 1
5 5
5 3
1 6
6 1
5 1
3 1
2 4
4 6
15 15
2 4
8 0
6 0
9 9
1 1
5 6
5 9
1 2
2 7
4 2
1 3
5 3
3 1
2 8
9 1
1 1
4 2
6 7
8 2
2 1
5 0
2 4
1 5
8 6
0 1
9 3
6 4
9 1
3 2
6 9
100 100
0 1
12 1
3 19
19 12
18 3
17 9
5 18
11 9
9 5
9 10
12 3
11 11
18 1
7 5
13 9
0 5
1 16
15 18
14 2
1 0
4 4
11 0
12 8
8 3
9 4
9 2
6 9
2 13
7 4
2 7
13 5
15 9
10 8
12 16
16 16
16 1
13 14
3 2
7 13
7 8
5 12
7 15
15 6
4 1
6 0
10 6
17 5
3 3
1 17
6 1
14 12
17 12
0 13
12 4
2 10
17 17
9 9
13 18
1 14
12 12
16 8
14 15
17 7
14 0
19 8
6 16
5 17
10 13
4 5
8 19
3 14
4 15
14 1
19 19
19 13
10 1
4 8
19 15
11 2
13 13
8 17
5 2
16 10
3 18
10 14
0 3
15 4
7 2
19 4
8 6
9 0
5 10
18 0
2 11
5 7
7 18
2 8
5 6
12 19
0 19
2 4
7 17
14 10
11 13
18 15
2 11
19 12
15 8
2 16
6 6
10 10
7 10
9 11
15 5
9 13
18 12
17 14
2 13
0 11
4 3
11 9
11 1
4 9
8 0
11 4
8 5
16 3
14 14
12 17
19 2
3 7
3 10
13 1
0 2
5 1
0 6
0 17
18 0
7 3
17 10
10 13
4 18
14 3
10 2
0 0
5 12
7 14
5 6
5 16
13 13
2 2
12 0
12 4
16 14
12 19
4 15
8 9
4 7
16 19
9 17
1 6
11 6
15 18
15 11
12 13
17 1
3 13
1 10
19 9
2 8
8 7
19 17
15 15
15 1
8 2
12 2
6 19
12 15
7 0
17 12
14 19
13 5
9 9
0 13
9 2
9 4
10 16
19 7
9 0
11 19
16 1
17 3
17 7
19 5
13 15
6 11
5 10
16 9
15 13
7 19
200 200
0 16
33 9
34 5
38 19
29 6
14 38
7 18
42 46
6 39
25 46
25 3
3 3
21 14
43 2
7 46
10 13
6 13
34 18
45 32
5 47
5 6
7 17
36 39
42 14
31 21
11 45
14 43
6 27
35 1
13 12
2 18
7 29
43 18
11 18
13 5
42 1
38 1
18 43
9 32
13 30
44 4
41 30
43 41
45 33
13 45
31 9
4 12
44 22
4 48
30 46
41 5
30 29
32 5
24 8
11 39
49 41
12 23
34 44
47 16
49 25
2 28
32 44
13 42
18 22
10 9
48 19
1 11
16 7
17 38
18 13
36 9
47 20
19 35
26 49
20 48
9 22
5 3
20 47
43 28
16 46
28 44
48 13
48 10
14 2
49 49
42 15
25 35
20 2
44 3
26 29
8 48
34 43
20 30
13 25
45 48
1 24
16 13
46 14
36 5
13 14
29 14
9 35
21 11
17 26
0 32
1 20
9 12
4 44
2 37
22 21
49 20
13 31
25 11
15 44
24 4
24 9
33 11
38 3
22 40
47 0
8 27
10 17
0 43
35 16
42 12
33 41
37 49
31 12
7 4
8 14
39 42
9 2
34 15
15 27
7 2
22 48
18 44
22 26
37 28
30 44
16 25
27 15
24 7
28 1
30 25
16 40
37 21
3 22
45 35
49 38
0 7
48 48
4 25
5 15
8 33
35 32
1 21
4 45
38 4
17 5
38 35
5 1
12 32
21 6
45 29
29 17
20 19
28 26
21 41
26 19
4 29
23 17
23 1
17 14
34 49
10 46
34 42
41 38
25 25
31 48
12 24
20 16
17 28
23 2
5 24
3 27
37 43
1 14
1 1
20 29
9 24
16 32
48 21
42 7
27 11
21 25
25 5
38 40
32 2
32 45
19 0
43 8
42 31
15 35
19 25
15 29
1 8
16 49
26 46
3 31
19 3
34 21
49 23
41 27
20 42
35 26
18 30
11 7
14 25
43 6
27 39
23 22
19 40
24 23
2 17
16 14
29 39
5 32
23 20
43 42
37 36
42 6
1 24
3 11
19 30
41 8
3 1
8 32
44 45
38 48
43 40
18 16
5 25
29 11
29 27
38 26
14 12
27 35
30 37
44 5
20 39
38 36
28 41
3 15
16 22
13 42
23 39
25 10
43 34
21 7
34 33
35 45
22 19
44 26
25 40
43 17
33 21
11 27
39 13
6 35
9 48
5 3
25 31
32 12
38 28
26 34
25 0
8 26
48 31
48 3
16 4
22 6
16 30
47 29
11 17
12 38
0 27
35 5
18 45
3 24
33 32
38 22
44 36
8 13
6 26
0 33
22 17
21 40
21 29
20 20
33 37
28 49
6 2
0 29
47 32
31 22
28 5
28 0
0 7
43 2
49 18
1 1
44 7
35 21
10 16
23 28
5 34
14 44
11 5
49 48
26 5
17 3
48 27
33 3
44 33
17 32
2 2
44 41
31 48
11 12
41 4
38 34
20 44
28 12
28 15
30 35
27 29
1 29
37 28
12 26
15 15
26 10
17 12
4 41
0 37
16 35
38 38
14 5
13 27
7 47
0 19
33 19
8 11
19 27
1 6
11 3
39 16
41 41
34 14
39 19
13 25
17 26
42 48
10 38
31 12
8 42
15 11
11 25
9 4
8 6
7 24
46 31
47 11
17 39
31 31
43 38
30 29
37 41
24 37
30 46
42 27
4 25
23 6
44 19
41 20
34 39
7 33
28 24
49 36
13 33
32 20
32 5
15 37
22 30
16 25
7 39
9 33
2 40
28 44
35 9
500 500
9 35
42 21
27 35
45 1
22 17
6 13
12 29
26 49
12 6
20 15
29 17
3 11
37 32
45 45
29 37
14 2
33 29
44 33
29 33
24 4
4 29
31 8
27 16
37 49
43 19
32 20
26 36
16 36
29 43
44 37
29 8
36 28
49 24
13 46
10 17
27 12
43 2
14 11
15 14
29 9
19 7
48 13
14 38
41 37
47 5
47 32
40 32
5 7
44 49
24 41
49 27
48 15
22 38
16 28
43 17
41 1
34 47
11 45
30 25
20 41
31 41
29 1
6 11
46 36
28 7
39 37
42 39
40 40
10 5
49 12
13 39
32 47
22 31
16 26
13 19
33 30
5 42
25 19
18 5
12 44
25 48
29 40
2 18
43 34
17 30
31 31
6 41
39 48
30 30
43 30
27 21
43 10
24 35
39 49
33 39
5 39
24 10
30 22
7 23
31 12
4 4
9 43
47 2
7 9
33 21
3 2
2 42
48 20
1 26
31 38
14 48
48 1
46 49
39 38
10 23
23 33
22 36
32 25
32 11
2 44
39 26
5 49
40 18
37 21
49 16
19 24
26 26
40 21
27 46
22 1
14 15
24 9
33 36
22 48
5 38
38 34
37 8
3 30
8 8
17 38
47 8
6 16
44 39
6 30
34 9
31 5
29 41
46 26
27 4
11 27
38 29
20 45
28 49
14 41
8 6
34 28
49 37
34 42
20 9
21 24
12 5
37 10
1 14
36 41
35 0
41 28
16 9
5 3
19 20
26 3
7 46
33 41
19 14
29 14
0 10
26 8
6 26
3 0
37 4
29 3
35 12
28 31
38 39
29 48
45 23
49 35
21 11
24 2
2 39
19 17
27 34
23 47
22 45
24 32
16 0
32 0
49 46
31 17
34 32
41 29
30 39
36 31
5 20
34 24
26 24
4 10
8 37
9 1
40 19
28 44
42 13
22 49
41 12
23 30
21 0
26 37
34 44
46 3
39 20
29 2
23 21
20 2
3 9
20 30
36 23
3 49
24 39
11 3
27 29
17 42
38 22
49 49
19 10
35 21
30 47
20 35
16 34
7 35
11 1
23 6
1 40
4 15
27 1
42 4
34 3
32 15
19 26
31 21
8 3
7 12
20 29
24 11
7 34
16 27
45 46
49 17
15 16
18 16
14 12
34 6
14 17
16 18
45 15
15 42
22 32
49 39
36 19
47 9
7 18
28 11
5 47
8 16
11 22
22 4
25 34
26 10
25 5
32 9
49 31
17 31
24 29
42 46
40 7
10 15
4 28
47 11
29 19
22 43
33 5
18 13
16 13
44 36
39 6
29 32
47 37
11 31
2 10
3 20
39 25
3 27
48 21
0 48
48 4
39 36
15 29
45 25
46 27
2 35
23 26
28 20
41 2
41 34
20 23
16 5
27 23
7 10
46 21
49 28
34 15
40 4
48 44
30 4
22 3
20 8
5 40
18 47
31 37
40 8
0 1
13 22
30 23
24 14
15 33
10 38
36 3
7 44
35 18
25 47
11 2
22 20
49 5
39 35
45 24
3 22
47 46
17 23
24 44
49 18
0 8
4 34
3 1
32 26
9 29
46 44
37 26
18 46
10 6
1 27
18 6
12 28
28 0
1 6
36 7
3 17
38 1
20 33
19 1
4 45
25 18
21 40
45 40
20 18
49 10
12 42
18 9
43 41
47 45
23 8
10 4
24 45
3 33
20 47
6 22
1 46
45 43
44 9
36 13
2 12
10 41
35 46
26 2
0 47
47 30
22 5
25 46
43 15
16 49
15 20
43 6
9 49
31 10
23 28
38 0
12 41
41 31
35 26
13 49
34 45
23 27
31 19
18 12
5 31
6 33
32 18
0 7
27 5
4 43
7 19
11 16
44 14
23 40
27 19
41 11
34 49
15 40
48 42
46 20
20 48
9 7
49 32
28 10
40 22
32 7
9 32
9 36
8 4
20 12
9 39
17 15
3 19
23 15
24 37
10 34
23 46
15 8
26 45
47 6
7 20
13 26
30 34
3 37
31 16
26 25
13 10
1 17
10 47
42 5
0 43
35 27
11 9
6 5
38 11
47 12
42 48
32 23
49 33
14 13
18 3
36 44
35 2
39 14
21 44
35 10
0 21
12 34
46 39
23 24
19 34
35 4
48 47
39 45
36 29
44 4
27 28
32 13
8 38
5 24
2 3
38 40
1 9
24 7
43 20
32 33
47 0
9 25
6 29
39 16
29 29
38 5
42 26
26 10
15 10
6 42
10 47
13 33
25 46
16 40
14 45
36 30
6 33
32 28
22 41
40 15
42 22
1 0
22 8
9 35
38 30
20 2
33 1
48 37
5 10
12 1
38 9
35 17
39 24
16 9
25 40
38 18
3 13
17 17
49 17
49 48
42 38
42 31
25 18
46 11
19 49
44 30
29 45
30 22
16 21
36 19
30 0
39 2
5 17
49 9
37 48
9 2
49 39
22 16
33 21
29 24
34 39
40 37
42 12
46 1
46 26
14 15
22 30
1 14
4 18
43 15
46 15
37 31
9 28
3 48
32 32
44 25
15 13
32 39
48 46
40 22
19 26
41 27
41 24
17 32
27 17
46 22
9 31
33 36
19 29
24 16
29 21
42 15
11 38
18 29
36 6
0 25
19 5
48 8
43 45
39 32
19 19
19 42
43 5
7 40
2 41
3 42
9 26
46 20
39 5
4 0
46 41
39 18
49 13
31 18
48 21
42 3
5 22
27 23
34 17
22 13
21 26
11 31
27 7
22 28
48 42
36 2
45 29
37 44
45 15
31 12
39 20
19 44
35 40
45 40
10 49
39 45
27 15
17 24
20 5
45 44
5 14
3 45
23 39
46 28
7 45
4 36
49 11
25 23
0 37
49 23
45 46
48 40
40 26
39 38
32 7
45 26
30 6
1 11
26 27
35 12
0 47
35 2
23 0
23 37
11 18
31 8
35 14
43 20
19 12
16 42
18 21
10 38
24 3
11 3
24 5
10 26
20 7
26 49
21 18
36 32
33 39
45 17
5 38
29 5
27 10
10 17
44 20
45 32
33 15
5 27
41 49
13 8
37 37
4 30
31 42
26 39
0 49
29 42
14 40
0 41
12 18
27 12
5 5
31 34
1 48
49 28
47 12
27 31
37 1
17 3
42 49
8 27
6 27
18 25
34 12
26 6
8 2
42 10
17 43
28 37
20 32
22 1
23 22
48 17
26 13
38 41
41 15
43 48
45 34
7 29
37 13
3 32
3 8
25 26
43 30
17 21
20 45
43 38
14 28
1 30
15 23
27 4
4 27
28 16
31 10
10 1
33 41
33 6
1 45
40 4
44 36
6 38
7 20
43 0
34 21
34 27
44 3
8 47
30 29
21 13
4 20
47 40
13 10
21 38
10 34
47 43
8 41
38 48
5 41
16 33
47 38
26 36
0 10
5 35
36 28
21 40
43 40
47 0
13 1
21 36
16 31
38 3
33 45
24 23
46 38
6 2
4 38
3 5
30 4
6 30
20 21
40 44
1 21
5 31
20 14
20 28
37 35
38 11
37 23
48 27
26 25
13 12
3 17
14 38
40 13
47 45
34 6
8 43
24 27
25 6
23 41
21 3
13 29
47 15
35 25
12 46
35 5
6 25
1 17
36 0
13 41
5 12
33 11
31 2
45 37
0 45
3 26
41 34
16 6
25 21
26 29
29 48
38 37
40 2
16 35
35 20
48 23
36 35
19 21
38 46
22 37
43 12
43 25
10 43
33 25
32 44
25 37
42 28
29 7
37 15
31 32
23 15
47 26
0 14
46 5
47 28
18 44
24 36
34 1
31 46
29 40
30 35
24 48
28 43
12 28
28 4
11 43
41 31
17 29
18 27
45 49
23 17
9 39
35 8
6 47
4 47
36 41
25 3
22 25
40 9
16 19
13 18
38 43
30 18
17 49
24 11
19 17
13 3
37 11
15 40
14 30
40 33
14 7
16 46
4 33
34 30
23 31
1 25
43 35
41 9
8 39
47 30
23 2
44 47
15 43
21 22
27 45
15 31
34 47
20 26
2 44
9 44
35 46
15 7
0 8
12 9
33 9
12 42
14 1
35 48
14 4
26 41
16 11
39 16
34 15
37 6
46 48
12 22
35 38
41 29
9 23
4 11
34 24
10 41
17 14
31 25
34 8
13 16
5 7
17 46
10 20
14 18
31 6
45 11
31 20
5 25
28 34
22 4
32 34
18 36
12 36
16 1
33 34
49 36
27 40
13 39
32 24
14 22
46 45
41 44
8 13
2 49
4 8
23 28
30 27
1 38
32 9
34 43
18 11
30 2
22 47
4 43
45 23
7 13
7 24
31 22
9 13
36 4
7 17
28 49
21 15
4 25
48 10
25 32
47 34
46 3
38 26
11 7
11 20
29 30
12 13
18 47
23 26
12 24
1 7
2 36
48 0
19 47
28 31
42 5
41 11
21 46
27 43
10 13
30 49
48 25
16 29
1000 700
36 48
26 42
37 28
37 41
20 47
11 26
25 25
41 1
3 0
18 4
5 3
36 24
6 45
18 9
41 25
23 34
42 22
44 14
14 40
14 46
16 36
30 14
35 10
48 42
32 31
42 43
37 26
26 48
13 6
39 32
8 11
0 2
39 2
40 19
38 9
40 6
25 22
19 35
30 23
13 30
14 27
12 18
4 30
40 46
11 8
2 5
43 19
23 49
37 30
15 7
27 32
35 23
6 48
41 34
30 17
14 3
44 20
39 18
7 18
16 40
29 24
38 10
9 0
14 42
18 31
12 34
33 18
20 42
21 12
17 45
7 13
49 49
13 15
9 26
8 43
5 36
24 41
11 40
3 14
37 1
34 30
27 6
42 15
41 0
5 19
11 37
18 29
47 9
38 19
28 44
43 4
5 14
1 25
2 28
9 40
37 4
2 17
14 48
41 18
12 42
10 15
12 25
37 22
33 5
1 10
9 39
29 2
17 21
4 39
20 5
14 9
31 0
4 21
6 27
14 35
19 36
34 40
24 45
35 1
15 15
35 22
42 5
9 46
11 27
10 34
19 49
20 37
31 48
30 32
5 12
11 32
7 17
39 5
24 15
37 46
15 49
39 17
47 15
43 28
37 34
10 47
4 48
26 8
28 11
49 18
15 33
6 5
48 37
14 4
20 14
2 32
32 16
19 1
5 6
17 3
47 6
3 20
10 20
32 25
42 30
26 31
17 49
16 17
34 3
27 27
37 37
12 17
16 6
12 19
15 28
31 35
22 35
6 22
8 44
2 2
7 38
41 3
16 14
13 36
41 45
16 20
45 49
45 29
4 34
37 11
41 20
22 43
17 13
33 13
40 39
11 13
47 0
29 39
22 25
23 44
9 12
44 36
12 31
17 39
37 2
32 1
31 39
17 5
14 37
23 16
8 7
15 43
19 46
23 30
18 33
28 17
30 38
30 49
32 7
1 0
27 25
30 3
7 41
28 30
12 38
48 21
44 48
1 30
33 32
47 16
19 48
9 25
33 2
35 36
36 12
41 37
42 23
39 27
11 45
8 21
21 9
1 27
3 6
36 5
4 23
45 41
10 14
8 29
46 5
46 21
24 17
28 21
27 37
22 1
1 31
25 43
4 11
12 9
48 46
28 14
14 17
27 0
11 41
35 32
30 25
38 8
34 28
14 2
10 28
36 14
48 43
1 24
21 45
44 5
30 37
13 8
27 49
21 13
14 0
32 26
1 7
37 39
29 15
21 22
27 5
33 48
47 10
46 8
26 45
12 28
6 43
3 16
25 29
5 17
11 7
28 31
17 37
30 11
33 33
23 13
36 19
24 3
2 45
6 26
39 7
17 48
38 24
11 21
30 8
29 4
49 4
24 20
45 17
28 12
25 21
7 42
10 5
40 31
0 41
7 10
43 2
2 37
24 37
43 9
15 45
45 30
9 37
3 47
42 48
13 13
15 26
42 11
27 13
7 32
19 44
35 17
27 20
4 49
43 39
30 31
19 20
4 7
27 3
13 1
22 46
48 14
1 21
34 4
42 16
23 27
47 26
35 49
13 41
3 4
8 30
12 22
28 19
24 40
41 29
49 8
37 16
39 36
44 38
6 7
2 23
12 11
39 12
3 9
45 35
48 48
33 27
20 32
45 13
1 42
43 27
3 26
45 43
19 2
27 9
30 28
15 12
43 33
22 36
40 21
8 27
46 18
5 15
31 4
21 7
49 12
13 10
32 29
14 31
9 16
48 40
0 28
27 40
0 45
18 15
21 21
22 8
49 23
1 6
48 13
17 1
31 2
1 11
43 13
18 41
24 14
10 35
5 4
41 27
45 45
5 47
49 19
35 33
32 28
31 6
21 39
30 12
26 2
17 24
40 40
25 24
33 34
21 38
12 20
13 45
6 44
13 44
45 37
29 10
4 43
6 25
20 3
41 42
30 21
1 14
21 34
18 12
40 30
4 2
1 4
45 31
32 24
42 26
3 3
9 9
21 4
17 11
25 35
45 39
10 18
1 22
22 3
5 16
9 42
3 15
49 6
7 15
35 9
45 24
11 43
47 7
7 49
16 38
11 1
19 11
34 26
47 2
19 10
11 4
34 16
16 16
11 16
17 23
38 33
47 34
28 23
19 13
9 3
41 44
33 17
44 3
2 39
42 6
27 22
47 30
0 47
1 1
0 39
28 46
30 30
29 27
49 20
23 42
0 35
49 36
9 38
7 46
30 29
13 26
28 29
5 28
31 20
34 37
44 10
44 7
39 25
40 47
36 18
36 31
23 0
5 0
46 42
22 19
47 31
43 42
7 19
40 26
19 7
13 43
29 0
26 11
49 30
32 42
39 29
48 28
14 16
0 23
11 23
40 48
34 12
3 41
26 10
34 46
34 39
23 21
35 29
48 17
36 8
1 36
14 5
30 5
12 48
47 20
16 4
16 9
21 27
24 10
29 34
28 18
32 22
9 33
14 21
11 24
21 26
23 48
9 6
3 12
19 24
46 40
15 18
5 8
13 47
34 47
16 47
28 48
3 8
38 49
32 19
40 9
46 3
49 11
45 33
43 49
7 12
23 33
23 2
42 12
49 25
8 14
42 7
18 47
38 21
2 29
43 45
3 27
30 22
34 6
10 11
35 11
9 22
45 12
20 18
29 26
16 46
9 36
46 44
2 38
46 14
22 41
40 35
6 11
14 39
4 18
3 35
21 0
25 6
21 15
41 2
27 41
39 42
26 30
37 20
32 46
8 23
31 45
42 8
34 7
22 28
41 14
37 40
25 0
47 41
2 33
21 49
9 32
7 33
36 27
28 45
38 45
34 20
18 25
48 29
45 15
18 22
21 23
44 25
10 29
25 36
48 44
26 19
39 41
43 44
7 16
45 34
32 14
45 16
22 32
37 36
29 6
43 17
27 24
28 16
26 7
48 38
20 41
47 49
20 16
36 45
13 29
32 44
47 27
49 39
45 11
23 7
27 15
24 4
24 46
21 17
16 0
46 25
12 5
14 11
49 3
3 19
40 49
37 15
0 16
23 26
23 39
14 34
22 10
5 33
49 5
25 12
42 41
9 8
30 13
43 47
42 46
0 48
28 36
37 47
21 48
6 35
11 6
23 6
34 35
47 19
26 1
11 10
11 49
33 23
6 30
18 14
0 26
32 8
19 40
38 13
22 18
22 5
6 31
43 31
46 23
37 42
24 32
22 11
45 0
29 42
47 24
20 29
0 38
6 23
16 30
39 20
10 30
25 18
31 18
8 28
10 44
40 24
37 3
41 28
44 18
47 4
26 14
32 36
2 34
8 5
0 43
1 20
23 24
9 24
12 12
7 20
34 15
40 33
47 39
3 10
44 1
9 31
15 8
48 22
14 23
19 27
0 9
23 38
19 17
43 37
5 46
6 37
18 16
7 0
3 36
37 25
48 35
18 30
47 33
1 13
39 34
24 8
26 33
8 47
14 14
39 16
15 13
30 16
10 48
9 2
49 33
49 0
16 25
45 22
7 36
7 1
36 35
6 24
24 5
35 34
15 24
21 40
42 35
17 32
35 42
20 25
44 40
32 43
31 47
21 30
12 2
17 35
37 23
25 28
0 44
40 38
17 7
4 24
49 2
9 13
49 9
7 3
35 38
38 6
4 40
46 28
39 14
48 32
4 31
48 47
11 33
47 1
13 24
1 40
3 42
15 19
39 1
38 31
41 10
39 22
0 49
0 3
2 46
20 8
34 25
5 20
45 19
0 5
2 44
5 9
27 35
25 23
31 41
17 8
14 38
20 43
30 7
16 42
25 26
35 44
12 0
45 9
42 36
32 30
18 38
38 48
11 39
32 15
33 41
0 17
0 29
37 43
32 11
20 19
37 32
6 29
6 39
34 21
30 40
27 39
2 18
45 47
26 47
30 19
49 7
34 43
11 46
22 37
46 32
49 45
43 34
45 6
6 40
9 1
20 33
4 32
4 5
29 9
20 6
16 27
27 38
33 0
23 31
31 9
25 49
12 35
28 47
26 17
35 41
49 16
45 46
34 8
39 44
17 2
19 0
7 6
35 13
38 35
20 28
23 12
36 21
35 0
17 19
1 15
37 29
30 44
41 13
27 28
28 8
41 32
29 33
44 26
3 25
1 19
27 4
10 17
49 26
28 43
26 46
49 15
33 9
9 41
40 43
22 20
32 49
6 34
25 9
25 44
17 43
39 28
26 34
45 27
28 1
9 45
39 0
21 44
35 2
16 10
32 38
11 36
32 3
23 9
45 2
0 46
32 37
15 29
22 29
7 4
43 0
49 41
44 8
16 34
28 7
19 21
41 17
34 31
4 38
20 31
36 6
31 10
14 32
4 44
6 21
1 12
17 44
22 47
32 12
43 21
12 3
39 15
21 24
7 9
38 38
30 46
25 39
2 49
23 22
24 19
4 37
15 41
43 32
8 48
49 31
25 16
0 33
29 41
4 29
49 10
45 4
18 18
2 43
14 22
5 10
25 34
21 1
43 46
24 47
13 10
25 30
39 3
35 37
17 39
5 28
31 29
11 31
44 21
15 44
27 15
22 38
36 30
18 18
32 12
37 41
34 0
20 40
10 15
2 27
9 47
29 35
35 21
37 48
20 31
48 4
41 16
0 36
41 43
2 38
14 29
8 40
41 41
36 26
23 39
27 17
43 41
2 9
10 22
19 41
27 8
32 8
33 16
5 33
7 5
28 40
37 5
35 14
36 35
5 37
22 10
17 18
12 29
42 29
18 13
9 13
10 30
6 11
48 9
34 8
44 2
46 7
49 41
18 45
17 4
0 12
47 48
1 39
35 30
28 21
2 34
39 39
39 7
3 33
28 23
44 48
23 8
32 5
32 16
21 22
48 6
13 33
41 2
25 26
30 43
15 28
0 44
36 48
1 2
16 32
12 15
46 34
11 35
44 43
13 39
46 3
23 11
9 40
25 23
27 43
2 12
44 0
29 31
9 42
14 18
46 25
13 29
37 8
16 21
30 40
41 36
20 42
15 31
41 47
6 45
25 0
42 41
30 23
4 2
36 43
25 11
20 23
2 16
8 34
8 38
17 24
27 23
3 15
31 26
43 9
3 17
0 23
3 26
2 4
32 26
3 43
48 25
8 3
23 49
6 36
26 32
6 3
10 12
38 17
36 41
9 25
30 0
17 27
37 14
34 4
44 25
10 41
36 15
32 21
6 22
45 23
9 1
22 0
16 1
28 2
2 32
20 12
23 26
24 0
9 17
44 18
14 2
38 46
13 49
13 24
1 20
21 30
9 10
27 21
42 7
7 42
1 46
15 4
14 23
47 30
45 47
27 45
13 17
46 13
22 7
36 17
9 6
27 1
30 12
26 43
16 44
6 28
12 17
4 47
10 19
45 26
42 21
17 16
38 40
39 18
11 27
5 5
49 36
22 4
42 17
15 49
30 32
3 49
33 9
29 12
27 31
18 31
49 22
38 15
26 9
24 31
25 38
11 47
38 49
38 23
1 14
28 44
37 38
5 41
8 1
14 44
26 21
45 30
11 0
35 27
13 1
16 18
33 14
33 40
0 8
34 42
11 10
33 31
32 40
39 11
27 4
31 44
47 33
15 1
22 45
35 41
31 24
8 47
20 14
45 2
12 43
24 11
4 28
39 22
26 28
36 9
39 48
45 18
37 28
14 0
1 16
3 0
47 44
36 4
47 22
29 8
26 7
5 21
36 46
41 39
29 45
17 30
21 36
43 43
45 5
47 1
7 46
20 35
34 31
33 21
40 38
15 10
40 36
9 15
40 42
22 40
20 37
15 20
13 27
4 43
5 43
3 3
4 41
31 41
47 13
13 8
22 26
42 32
38 36
9 31
5 15
12 20
46 47
11 39
28 25
10 6
0 6
39 44
40 10
7 48
44 46
6 9
32 0
17 45
14 10
6 31
48 21
3 22
2 40
41 6
15 8
3 45
36 11
17 48
30 18
4 9
4 31
13 4
19 18
41 34
3 10
6 34
15 18
18 4
19 31
45 39
41 23
49 29
19 34
10 32
42 25
24 26
10 44
48 28
25 6
7 7
10 47
33 7
6 40
0 15
27 41
48 49
28 14
11 5
32 30
16 8
35 2
7 28
16 37
19 37
27 25
14 6
35 12
19 20
1 25
6 19
34 37
30 20
40 14
18 27
44 8
46 9
28 35
27 28
12 26
40 34
16 23
38 0
11 37
1 11
17 43
46 27
46 16
49 7
34 6
22 43
5 18
43 30
8 27
22 22
34 13
32 2
2 14
24 45
48 40
9 27
16 26
23 30
40 6
25 42
2 45
25 9
48 36
19 1
11 45
37 16
47 27
48 15
31 11
8 43
5 9
39 1
38 26
14 31
40 40
4 38
41 30
19 28
24 23
23 37
20 9
34 48
15 36
34 33
28 17
43 32
0 42
42 34
43 34
2 2
30 26
40 21
28 38
44 35
18 25
30 9
43 14
25 32
40 12
17 32
31 16
34 22
3 12
27 34
31 14
6 1
14 40
14 33
33 34
47 4
29 25
46 42
32 44
28 8
10 27
40 48
8 12
8 31
21 40
29 10
5 30
25 36
19 25
44 31
6 48
10 25
40 24
42 14
49 3
28 46
27 11
31 47
13 12
33 42
12 11
28 29
16 34
12 23
19 15
44 38
33 28
19 10
1 44
22 12
29 20
3 28
39 29
7 17
11 42
3 38
17 12
48 12
8 5
42 36
23 22
30 48
17 37
22 29
19 44
25 19
23 18
14 21
0 29
11 19
7 12
38 9
25 16
47 36
33 38
35 48
20 48
24 15
48 42
41 11
1 48
20 18
0 25
28 19
32 48
2 22
10 38
11 14
39 25
13 20
26 39
37 10
21 19
49 44
25 14
0 17
0 20
18 47
21 9
20 44
36 7
6 25
20 6
13 35
12 35
0 2
36 13
8 10
1 36
22 17
7 21
4 0
38 20
24 17
23 15
35 34
4 11
9 34
49 49
16 14
24 29
14 25
41 8
30 28
30 46
39 35
48 18
37 12
2 24
42 46
1 32
41 28
24 7
35 6
1 42
23 2
31 33
22 47
24 21
27 37
13 44
22 33
5 49
5 35
34 29
7 10
49 12
44 33
9 45
45 20
37 22
6 17
26 15
20 16
45 8
27 19
8 29
11 8
39 32
0 27
37 35
29 40
17 41
5 26
43 25
6 7
4 45
11 16
35 9
43 16
14 12
20 28
13 42
32 18
36 39
49 16
29 1
7 0
5 24
41 14
46 20
19 39
22 35
1 22
23 32
45 32
45 44
15 16
44 27
34 10
24 5
34 46
25 47
10 1
38 2
2 36
23 28
15 34
34 18
32 33
6 38
42 4
48 45
13 6
21 42
47 10
18 21
24 38
32 35
2 48
31 2
40 31
25 49
1 34
33 2
4 20
11 49
11 29
33 24
8 45
16 11
33 49
37 30
47 8
7 3
40 27
39 14
37 25
28 11
46 5
4 49
7 32
4 26
34 2
18 1
36 28
23 34
15 42
7 15
30 36
33 4
8 36
24 19
37 20
38 29
7 30
34 40
9 21
41 0
38 43
21 26
8 49
30 16
43 23
44 10
23 0
21 38
26 5
6 42
49 14
12 5
48 31
1000 1000
64 11
67 72
38 50
30 57
68 81
10 27
32 81
62 94
7 94
0 86
22 46
83 58
90 94
63 96
55 83
96 94
5 23
74 6
79 66
28 46
20 93
15 41
43 61
60 22
34 24
38 43
13 20
53 2
61 10
39 14
75 94
30 53
67 51
62 80
89 87
51 16
31 47
2 12
12 39
13 13
11 31
88 59
97 38
25 7
89 58
83 15
75 5
10 2
95 18
80 59
86 64
96 64
27 17
49 92
13 50
21 8
90 46
86 6
54 57
57 22
21 65
83 47
73 9
86 91
20 80
23 63
37 53
61 34
13 88
64 88
43 23
96 5
27 83
14 14
45 12
18 74
38 78
17 45
85 60
50 29
9 40
12 1
17 7
73 36
20 85
5 8
12 7
39 22
81 52
22 26
82 14
28 34
92 75
42 5
75 67
52 67
15 2
7 80
27 53
57 36
80 62
0 78
95 78
47 36
67 1
22 75
65 26
6 97
13 91
60 67
49 25
86 52
29 22
51 43
27 15
68 18
68 56
41 86
69 83
6 48
52 97
87 11
38 51
18 94
82 11
45 47
28 90
41 85
3 72
58 34
73 81
19 68
17 47
93 49
13 34
29 43
88 82
62 71
44 82
3 83
67 30
24 97
34 74
99 27
44 93
48 98
88 13
4 74
75 84
91 97
82 96
3 73
5 27
38 66
28 54
27 79
77 43
97 70
67 60
10 52
90 20
37 8
81 0
31 6
83 63
26 16
98 36
23 10
43 71
63 42
56 47
17 76
39 95
93 38
29 82
0 94
54 77
98 20
49 97
2 59
79 30
43 98
24 12
91 91
11 84
80 91
7 91
67 8
33 39
48 90
18 84
3 81
82 28
55 19
44 37
70 93
51 93
52 27
70 34
98 15
39 79
48 88
90 14
11 90
98 86
12 76
56 63
28 99
92 95
67 89
38 59
1 96
55 91
97 45
58 85
10 68
32 42
99 70
18 49
94 62
54 66
63 12
51 70
8 53
20 51
32 41
61 27
54 93
94 75
36 91
19 50
78 96
39 10
74 33
32 91
76 48
80 15
39 26
77 85
15 94
50 74
49 50
73 34
61 59
60 23
70 36
66 80
92 9
47 68
7 72
3 75
75 11
78 15
25 36
36 36
98 50
70 6
28 49
50 23
98 96
41 11
27 50
17 24
4 66
80 79
16 8
82 21
69 69
85 47
76 37
84 77
41 10
46 98
44 79
85 23
12 15
24 22
13 28
5 37
9 65
45 63
72 78
52 38
3 68
25 61
69 65
10 0
0 32
35 61
50 5
33 44
72 62
42 87
55 79
12 4
46 97
82 53
88 47
37 31
26 86
61 11
17 87
19 41
92 18
63 0
8 41
6 0
58 84
57 91
8 11
88 5
61 72
72 30
30 73
10 21
46 71
9 10
80 47
51 35
87 67
78 33
0 19
61 70
92 77
6 69
15 32
27 63
45 52
3 55
49 87
19 48
88 34
76 35
91 82
87 58
30 24
85 81
93 43
35 29
61 38
56 96
59 54
44 90
0 59
36 52
71 79
56 84
41 21
81 61
19 98
59 81
26 29
79 48
39 7
74 76
21 27
18 61
1 38
66 40
17 25
69 43
78 5
98 62
97 75
74 51
39 39
26 23
33 26
85 32
24 5
15 90
42 62
36 24
43 94
71 10
71 89
85 43
2 93
79 75
22 67
89 1
2 23
13 81
68 93
1 30
77 16
93 51
11 37
84 92
5 59
97 21
61 14
19 15
85 31
9 89
15 79
30 59
72 77
36 58
19 34
28 71
19 3
64 23
12 96
27 8
90 60
56 93
65 12
49 75
54 5
7 61
6 4
65 78
62 51
33 4
91 30
76 69
86 15
16 95
40 1
52 94
14 27
96 82
94 55
34 9
9 19
49 32
65 74
41 99
48 58
39 24
25 9
32 95
10 3
70 45
58 60
69 25
45 57
74 8
14 42
74 16
87 89
37 83
55 34
92 31
32 7
60 12
62 54
36 60
74 42
34 1
45 85
28 41
51 49
32 10
23 35
47 11
2 66
40 28
1 47
34 15
75 73
9 84
16 16
61 69
77 55
5 64
65 30
8 75
55 20
3 92
14 51
66 44
63 34
53 92
13 71
28 6
95 97
40 0
54 55
77 58
71 40
38 68
85 18
25 53
83 10
55 26
55 67
67 73
15 85
83 78
67 50
27 75
20 38
86 19
41 97
85 33
46 82
3 36
85 10
6 45
12 79
6 15
9 38
77 77
52 8
24 51
93 90
64 4
89 61
35 55
25 3
44 59
68 6
97 99
70 98
96 51
97 16
52 56
26 73
6 39
30 91
55 14
15 36
42 91
89 86
41 30
82 77
63 45
76 99
87 99
90 98
66 9
53 90
12 36
36 23
94 82
76 93
16 55
66 33
10 59
46 27
9 12
5 56
35 32
62 43
69 16
51 54
34 0
67 12
88 8
54 96
13 43
12 70
55 94
99 10
89 19
3 11
97 89
69 55
25 20
39 40
1 25
35 8
8 70
55 70
53 87
4 1
15 39
67 76
50 66
85 84
88 31
69 27
96 14
64 72
61 77
57 43
94 12
96 22
19 65
20 54
92 32
9 14
13 61
40 63
43 34
18 8
16 38
93 57
94 95
58 32
74 74
13 45
99 37
44 64
2 67
89 17
73 97
13 19
40 93
82 45
78 83
25 78
58 18
6 44
48 43
24 2
25 18
49 53
38 98
33 55
86 28
86 55
31 31
84 89
98 94
36 33
28 2
14 78
83 88
71 92
63 91
8 96
18 57
90 32
45 24
35 95
90 79
56 69
0 87
52 58
64 8
57 55
9 56
96 4
50 31
55 1
40 9
68 92
53 85
88 64
4 35
55 12
79 92
57 41
97 88
73 79
22 37
9 63
42 28
80 37
14 55
2 21
94 8
68 19
64 85
47 77
38 48
56 89
61 83
81 27
59 8
23 52
64 79
80 20
95 54
99 72
89 48
50 94
13 60
37 13
72 41
43 12
52 23
64 51
59 37
95 81
40 94
33 73
66 88
73 11
4 25
57 95
42 20
14 68
59 47
17 51
74 29
41 3
94 13
37 76
77 56
79 76
12 52
86 40
61 33
46 9
73 1
57 28
45 48
13 12
68 97
9 5
69 17
88 28
13 75
47 44
28 27
69 21
52 10
15 53
31 64
2 31
86 13
92 24
84 17
82 49
86 9
8 78
77 32
98 6
96 9
35 76
54 25
68 52
51 2
2 9
97 87
58 46
53 76
23 33
50 72
83 29
66 4
74 31
51 69
90 34
52 63
66 61
71 60
3 15
71 22
75 89
21 11
1 88
93 97
60 15
24 68
91 37
55 68
11 64
29 66
72 32
94 46
43 65
83 65
87 72
30 70
18 16
66 18
2 33
27 58
55 21
12 57
44 44
8 85
74 43
47 18
98 98
58 57
28 85
62 49
2 91
36 80
74 52
41 68
54 86
11 69
37 56
13 30
7 57
23 11
35 6
13 26
85 14
16 6
47 53
48 5
19 45
10 75
13 10
67 87
79 2
82 97
92 69
37 9
75 25
80 94
45 1
92 2
62 56
52 33
42 76
27 11
71 37
69 12
82 41
63 57
91 70
18 13
76 81
84 76
2 85
97 47
4 57
23 99
35 78
58 26
46 5
49 76
31 82
24 65
27 89
25 49
21 0
34 54
56 62
23 49
35 70
56 2
54 30
85 98
13 69
62 28
16 78
61 42
62 75
4 79
39 27
95 33
74 40
91 38
72 27
72 74
76 53
45 7
62 82
64 84
84 80
61 96
9 33
49 60
61 21
74 72
92 15
84 75
21 91
41 89
35 85
87 51
72 3
18 44
78 45
54 6
42 93
56 88
96 52
64 65
42 96
5 3
20 72
41 49
0 51
90 96
3 96
35 11
88 65
50 80
34 34
14 31
75 0
63 21
29 98
65 64
33 72
45 49
80 7
71 15
56 18
59 16
85 5
99 41
19 24
0 48
28 80
93 83
73 13
58 19
78 40
59 51
78 90
28 91
23 21
98 76
13 89
45 28
89 63
51 37
88 50
80 89
19 90
70 48
51 25
86 27
18 28
24 50
50 90
71 63
7 58
45 32
46 14
50 89
64 56
43 53
87 14
91 78
8 52
41 2
5 61
17 52
25 25
85 79
22 20
36 98
21 62
32 74
45 29
17 82
1 13
98 83
50 77
53 71
71 5
76 70
32 1
83 35
43 27
69 10
15 80
35 48
21 6
92 58
66 36
1 61
44 42
51 82
82 3
42 75
26 41
27 88
62 87
37 37
26 32
23 70
68 54
68 74
1 34
46 50
43 14
85 50
53 32
79 44
0 9
17 21
2 50
39 84
36 64
30 84
97 72
84 36
83 48
76 51
64 83
83 8
3 39
44 68
93 48
18 60
47 13
32 96
98 68
44 17
14 62
59 48
21 50
94 70
30 14
98 28
78 8
14 85
66 40
62 78
18 98
32 70
74 87
63 94
89 4
67 10
29 67
56 45
93 47
57 94
5 62
35 71
58 88
87 73
22 84
22 96
37 99
86 37
22 66
49 15
39 63
75 36
43 37
66 73
36 40
41 13
79 96
26 37
70 48
37 57
52 8
96 36
58 85
95 33
26 50
22 47
47 4
37 1
66 30
11 4
28 60
39 22
66 48
77 34
4 6
3 8
45 0
48 2
23 95
23 97
70 96
66 87
96 3
53 33
44 8
11 36
40 89
74 96
27 97
74 65
61 40
80 24
50 92
29 38
17 15
73 13
51 64
37 97
11 26
11 89
45 4
40 85
18 41
14 34
46 68
18 73
76 99
12 75
17 60
56 14
82 30
94 59
27 54
69 77
57 39
95 14
92 79
9 40
32 33
20 84
9 63
41 4
56 74
90 44
38 31
21 67
34 59
59 80
13 70
7 66
31 71
74 52
37 12
58 39
15 6
44 98
32 81
27 65
44 29
59 85
59 63
92 37
31 85
95 58
14 64
44 38
8 61
12 13
10 97
29 35
18 43
17 63
4 37
71 4
53 42
30 92
26 46
98 27
67 43
53 24
10 28
84 48
35 59
81 19
43 97
65 37
60 24
31 26
66 27
54 11
8 33
20 96
75 96
81 23
43 10
83 45
71 21
4 81
34 2
14 96
62 13
87 3
76 41
29 78
98 66
44 53
17 46
27 14
97 63
97 72
77 86
85 8
56 58
61 49
78 91
24 7
8 98
34 25
72 12
55 64
90 55
95 89
14 39
86 93
84 69
84 25
87 64
59 66
46 81
78 60
31 37
23 2
61 31
98 12
92 86
83 1
7 18
4 56
0 89
21 9
47 85
21 59
2 43
66 68
36 25
38 5
5 67
60 98
73 88
65 93
84 58
75 26
67 89
98 58
81 26
36 28
72 64
36 64
16 16
34 71
22 36
60 9
16 11
70 36
7 51
85 83
60 50
44 48
5 29
93 9
97 95
92 25
73 69
22 63
33 39
53 9
1 9
70 65
3 75
69 92
30 70
33 19
29 65
0 26
86 41
93 50
3 83
17 31
33 55
9 2
52 93
63 19
5 41
56 33
0 7
24 73
30 94
32 50
71 6
28 14
75 59
32 45
65 84
4 29
30 19
42 39
28 30
81 87
97 58
15 36
21 26
40 48
53 6
74 93
36 75
91 47
8 85
52 80
99 35
60 85
96 51
6 73
43 55
81 8
7 64
72 36
16 38
88 34
52 73
79 40
89 33
57 70
50 13
21 81
4 89
42 29
99 39
25 18
18 77
21 46
94 98
67 50
44 92
46 71
98 85
57 49
54 68
62 51
76 43
58 59
99 20
45 10
42 12
83 47
0 57
75 17
28 40
67 72
80 38
23 76
4 65
71 18
56 62
32 27
88 70
91 17
42 73
99 23
43 30
33 99
34 14
24 24
36 16
13 37
21 57
18 12
20 20
19 22
46 65
99 54
22 53
45 39
65 68
11 82
7 82
39 94
16 81
85 87
69 37
68 7
52 98
63 3
3 95
91 35
39 97
14 24
28 57
10 45
45 51
49 64
0 98
97 90
8 55
44 88
53 1
16 20
70 12
40 82
58 65
79 81
30 60
5 52
76 74
63 49
6 71
91 33
67 65
25 4
86 27
59 90
89 71
46 97
73 48
36 0
88 82
72 88
36 2
17 9
43 88
31 59
72 10
70 74
96 74
44 26
34 86
35 88
78 52
98 2
17 85
91 40
19 60
50 49
4 98
42 19
82 91
49 4
78 62
96 64
13 74
89 36
69 46
83 53
70 38
85 1
39 85
86 81
67 67
77 78
78 42
3 35
55 31
73 46
67 24
17 20
36 69
57 51
22 92
38 94
12 18
66 98
92 41
5 92
20 14
64 41
85 95
82 74
44 24
33 71
90 12
21 34
84 0
26 27
48 12
8 4
35 32
16 85
30 44
79 22
6 89
75 93
57 1
40 0
75 29
73 26
45 54
66 34
66 45
9 82
86 87
67 69
28 75
28 4
10 24
2 25
13 54
57 72
41 15
10 42
24 80
71 54
76 80
54 31
67 84
32 42
66 9
7 41
13 66
14 43
65 7
54 82
40 27
27 5
83 72
33 17
31 96
72 15
45 87
33 76
37 59
11 87
20 79
43 83
41 70
16 59
7 24
10 8
62 11
21 14
29 33
66 0
82 99
51 51
92 5
50 24
35 53
81 6
97 18
40 33
63 79
7 79
65 23
19 30
94 95
49 13
12 43
9 7
89 45
19 14
11 59
87 44
24 67
92 58
24 42
6 59
17 50
26 55
73 28
42 77
7 70
4 40
54 14
99 83
92 97
88 42
85 67
24 14
67 38
30 3
16 47
72 72
56 23
82 68
96 90
94 15
79 70
87 47
25 47
64 1
17 25
77 17
13 60
51 62
63 71
28 12
5 69
71 46
82 3
73 52
84 3
12 31
12 35
32 53
19 94
72 70
74 41
29 4
17 6
49 2
84 6
69 86
78 78
56 4
76 46
74 38
16 98
25 24
1 57
59 95
24 35
36 80
61 46
53 91
25 80
32 90
73 10
61 92
14 36
83 65
88 88
32 15
78 84
67 18
39 45
1 26
35 67
44 21
33 22
4 68
64 91
94 7
30 89
43 6
1 33
31 0
54 85
44 34
98 43
22 20
11 55
7 92
71 92
4 10
77 69
89 68
62 40
13 76
25 87
3 53
37 90
70 57
36 12
73 8
22 3
19 62
21 24
43 32
74 56
93 6
40 74
74 44
75 77
62 88
25 37
4 51
99 15
82 40
12 90
43 60
84 94
54 18
55 80
10 21
20 66
9 60
45 18
2 35
0 10
6 6
69 10
86 16
90 35
29 14
17 93
40 43
82 65
8 44
73 59
40 61
75 89
2 73
81 91
38 15
88 22
52 75
74 17
93 16
58 74
7 43
51 38
94 47
31 99
80 44
63 83
95 44
68 18
60 71
57 12
89 14
54 53
84 37
6 66
70 32
84 65
83 39
28 97
11 67
43 34
33 41
68 45
48 76
41 20
71 51
34 80
70 21
1 49
19 78
49 56
74 85
24 89
60 41
42 97
99 41
98 78
96 56
29 93
67 33
36 36
34 40
85 22
68 67
55 89
13 22
26 39
6 18
44 13
62 49
99 73
84 19
55 34
89 66
42 42
81 95
0 78
42 21
96 24
27 42
71 79
99 87
57 17
47 67
26 76
8 76
93 98
58 94
46 4
15 88
98 62
51 47
44 85
50 3
59 87
13 13
41 34
50 36
19 50
96 38
28 84
65 29
77 36
36 94
10 62
95 47
18 84
83 51
70 93
50 62
82 35
40 66
12 5
24 98
61 20
93 69
36 22
20 6
50 55
51 68
12 15
10 30
31 20
18 2
29 44
75 57
54 61
1 70
79 31
53 80
57 6
80 50
99 97
15 63
68 43
0 41
0 76
62 72
36 50
51 83
59 18
81 36
80 59
13 40
81 31
25 67
20 31
64 38
54 43
31 78
96 19
37 22
44 45
29 62
1 76
37 85
35 91
18 60
64 87
43 79
56 65
57 68
76 58
23 99
4 83
29 23
34 51
49 25
57 33
42 45
59 33
2 69
69 27
89 43
25 20
90 81
69 97
75 55
79 36
9 89
28 37
33 92
7 47
56 93
67 45
27 71
33 46
55 8
80 21
35 36
7 27
98 31
13 98
19 67
66 96
72 25
61 96
75 84
95 61
21 74
78 4
77 21
88 5
89 61
35 40
27 83
33 15
23 54
45 85
71 36
9 42
96 53
0 72
1 3
62 60
21 64
47 6
2 79
85 78
93 25
10 48
51 81
96 5
61 84
86 98
99 11
21 28
25 90
19 69
44 62
15 25
90 77
68 36
11 73
65 72
21 77
99 26
57 56
72 40
80 4
94 44
87 20
39 6
32 30
64 62
82 17
17 83
80 99
78 98
38 40
78 73
23 68
36 54
14 1
92 43
49 51
34 33
33 7
4 54
81 56
95 84
17 73
87 69
65 86
85 97
48 14
26 53
4 78
35 55
6 2
46 2
58 13
65 26
68 97
6 94
75 98
12 60
71 76
41 17
38 76
81 72
71 8
84 28
30 21
47 55
77 45
30 41
28 27
76 50
1 92
22 68
64 95
40 54
41 95
98 9
69 21
49 81
11 71
35 5
64 32
52 29
72 61
25 12
80 67
18 9
43 92
60 11
5 1
87 62
56 27
52 17
51 76
98 70
53 59
36 6
92 70
1 44
56 82
36 48
29 60
7 33
6 83
90 6
55 93
28 52
45 98
71 32
36 85
76 76
0 17
22 40
17 22
32 61
48 58
48 50
14 76
5 59
83 11
40 93
82 19
44 83
19 80
20 58
15 68
59 38
58 51
72 19
62 92
68 69
80 53
25 60
43 46
8 87
7 10
33 83
32 75
28 72
4 92
29 55
72 59
2 52
0 0
