17 
5 10 100
3 33 4 2 3
3 56 5 6 1
3 169 7 0 1
3 184 2 6 1
3 293 6 8 0
5 10 100
3 94 1 2 4
3 138 0 5 2
3 148 3 2 6
3 160 5 4 6
3 296 4 7 8
5 10 100
3 82 3 0 2
3 129 4 2 5
3 104 2 1 5
3 148 7 6 5
3 176 9 0 8
10 20 100
5 74 0 9 2 4 6
5 105 8 2 7 1 6
5 58 6 7 2 9 11
6 66 9 3 1 2 11 7
3 136 2 1 13
4 75 7 14 1 5
5 110 12 3 14 11 4
5 104 11 13 5 14 1
3 173 4 10 5
6 156 16 10 17 15 14 18
20 40 100
6 20 8 1 14 3 10 7
4 43 20 10 17 6
6 74 0 16 5 18 10 19
5 96 6 19 18 14 9
5 91 10 1 9 16 3
6 113 16 5 2 24 18 23
3 122 24 12 7
4 73 19 15 9 26
5 176 26 21 12 22 18
5 102 3 15 22 28 23
6 104 4 18 27 12 11 23
4 151 14 9 28 23
5 197 25 27 13 1 28
4 220 17 12 21 5
6 198 1 15 30 28 21 22
5 232 13 33 11 31 21
4 200 29 2 30 28
3 219 31 22 35
3 203 23 36 15
6 270 33 30 2 12 5 27
30 60 100
4 65 16 27 24 6
5 37 15 23 18 19 8
6 35 22 24 30 4 17 8
3 84 20 2 13
5 71 4 14 2 13 23
5 96 14 33 34 9 32
4 159 13 24 8 19
6 91 3 28 11 29 32 30
5 108 6 25 23 11 1
5 100 33 8 1 35 29
3 155 12 30 38
5 131 36 7 24 23 1
6 126 35 0 9 41 19 23
5 166 41 27 11 21 38
4 167 29 38 5 24
6 158 31 19 23 39 37 17
6 249 40 19 38 5 27 8
5 211 10 38 18 5 39
4 261 9 37 8 39
3 253 48 8 38
6 245 30 11 23 47 46 0
5 278 38 2 11 49 21
4 313 26 19 5 34
6 239 23 21 2 42 47 11
5 336 2 43 0 19 24
4 319 47 8 21 1
4 355 28 37 43 11
6 334 45 25 32 49 39 44
6 338 42 51 24 32 21 39
6 388 25 24 7 55 17 44
30 200 100
6 44 86 29 37 180 57 133
6 68 83 81 181 27 71 51
3 53 196 73 17
4 43 25 167 44 82
6 104 41 140 61 32 16 161
4 62 31 63 158 61
3 87 152 136 70
6 54 100 33 140 63 107 92
3 94 114 142 154
5 102 105 137 198 135 197
6 66 88 166 97 146 19 150
6 124 44 73 113 58 63 39
5 58 184 166 34 107 2
3 56 63 108 11
4 137 55 115 84 191
4 125 72 135 9 34
4 129 151 171 124 185
4 128 3 187 38 8
6 103 48 26 76 131 51 80
6 131 66 7 139 19 80 166
6 79 23 87 53 193 148 79
6 130 53 33 134 103 166 148
3 111 6 57 154
5 82 15 118 102 156 111
6 167 93 49 159 171 176 129
5 132 154 92 5 78 145
4 155 9 177 61 24
4 115 69 80 98 198
4 151 65 18 104 125
5 169 67 148 111 150 29
30 200 100
3 73 4 52 44
3 36 174 120 79
3 6 17 133 8
3 41 41 184 101
3 92 132 59 195
3 110 160 83 135
3 84 0 115 39
3 99 125 77 189
3 50 162 50 186
3 106 28 145 177
3 67 179 56 54
3 64 5 195 199
3 101 79 117 150
3 98 178 119 138
3 102 135 80 32
3 63 55 31 146
3 78 70 139 166
3 75 196 101 180
3 151 148 40 141
3 86 88 36 26
3 154 157 104 37
3 150 19 49 188
3 163 171 15 149
3 128 78 194 96
3 125 92 42 133
3 95 136 140 189
3 147 126 59 43
3 121 130 74 161
3 140 177 129 54
3 103 27 51 87
30 200 100
3 39 99 55 50
4 38 87 185 182 3
4 48 52 98 119 129
4 55 92 140 111 180
3 69 120 106 46
3 37 94 119 4
3 51 98 32 63
3 119 34 19 47
4 36 0 101 65 44
3 43 175 64 187
4 100 188 187 73 88
4 96 159 93 108 39
3 61 184 10 79
4 91 176 84 81 28
3 109 63 18 14
3 134 138 104 151
4 121 130 44 53 3
3 110 86 85 127
3 84 24 160 108
3 137 144 127 64
4 94 20 106 79 66
4 148 158 157 17 129
3 86 100 197 96
4 90 15 139 14 153
3 147 19 88 104
4 173 37 141 67 2
4 124 167 71 78 189
3 127 69 72 71
4 116 5 68 116 60
4 98 191 104 76 169
30 200 100
3 56 176 80 98
5 42 74 112 61 24 164
4 38 156 144 142 167
4 92 154 44 149 36
4 22 23 133 26 178
3 116 79 117 84
4 40 64 111 115 104
4 27 190 143 192 158
3 75 180 68 194
4 105 168 53 164 140
5 65 117 95 138 98 177
5 129 184 114 27 173 26
4 101 82 21 96 51
3 109 165 113 122
4 136 131 70 29 181
5 108 29 137 27 87 56
5 57 173 55 199 141 152
5 93 42 52 0 162 149
5 133 194 178 67 125 112
3 112 28 31 35
3 121 147 63 134
4 146 60 67 160 152
5 118 39 45 115 130 158
5 115 175 163 55 1 191
5 106 3 102 191 16 78
3 175 76 69 92
3 176 188 132 55
5 127 10 116 71 41 25
3 177 134 142 81
5 188 120 106 97 94 80
30 200 100
4 80 177 197 40 162
5 54 137 45 171 51 189
6 28 26 139 51 10 162 127
6 21 30 33 185 38 98 197
3 75 129 70 2
5 91 80 92 134 185 4
4 110 139 173 178 140
5 114 132 156 160 23 191
5 30 178 56 6 184 181
6 94 59 162 40 196 121 120
3 37 0 154 172
3 53 135 56 105
6 41 179 142 77 81 119 24
3 69 44 102 72
6 138 10 40 119 171 25 69
5 124 39 161 52 171 25
3 149 142 94 127
5 105 12 32 189 6 125
5 118 123 77 116 23 120
6 77 49 162 61 163 50 195
6 140 111 167 11 4 85 90
6 144 172 20 136 7 133 35
4 157 190 55 130 81
4 147 182 100 104 11
5 137 189 120 125 109 85
4 117 120 122 27 149
5 163 148 88 99 90 140
5 146 97 15 93 173 161
6 111 14 116 72 134 46 43
5 168 181 69 199 32 167
30 200 100
7 21 139 111 190 83 26 64 73
5 61 166 67 79 53 23
4 9 81 57 88 102
7 94 46 3 66 35 184 168 134
7 82 145 186 163 1 198 7 182
6 42 38 175 184 183 164 44
4 67 5 12 188 155
7 101 118 11 44 120 150 152 172
7 31 27 14 32 102 68 135 164
7 52 65 79 135 192 148 110 18
6 74 117 133 153 53 21 158
3 110 0 88 105
7 129 140 44 151 116 141 120 73
4 91 98 148 108 68
4 134 42 126 49 143
4 119 132 1 170 74
3 117 60 160 95
3 111 149 19 52
7 88 62 147 172 87 135 112 108
3 108 69 116 70
3 92 67 95 52
4 114 133 44 54 181
5 113 61 134 17 184 54
7 148 115 141 11 102 88 75 119
4 97 94 120 100 138
7 172 59 167 10 171 11 63 157
6 174 26 39 87 30 150 191
6 164 105 72 55 134 199 39
3 150 28 82 116
7 181 148 155 119 25 150 143 170
30 200 100
6 45 59 22 45 94 0 157
4 65 94 41 13 169
4 92 10 180 39 147
7 23 140 75 165 50 147 61 53
5 36 124 139 58 116 72
8 18 44 199 197 3 89 91 32 93
5 107 179 174 75 187 53
6 80 6 184 99 148 78 189
5 94 56 185 125 110 23
3 127 159 164 170
7 113 95 37 149 23 196 195 121
4 68 118 121 144 1
4 69 111 172 177 0
6 51 53 30 129 156 166 189
5 136 193 1 139 113 99
4 126 92 65 173 58
4 71 40 9 51 186
5 70 1 170 29 2 136
3 63 82 106 107
6 135 138 148 160 21 69 30
7 114 109 177 183 192 176 14 149
4 130 90 52 195 135
4 75 52 151 38 14
5 120 145 78 146 181 7
5 179 117 49 27 17 183
8 124 58 127 27 48 72 18 28 152
8 165 164 194 146 163 154 115 186 107
4 169 75 120 48 156
7 149 88 74 80 33 132 85 168
8 119 41 127 85 98 107 194 161 192
30 200 100
6 86 8 106 172 11 85 120
6 81 50 176 161 79 136 84
4 72 10 30 64 150
4 88 103 12 152 96
9 43 30 132 176 177 190 89 23 113 72
7 69 113 114 189 67 3 195 146
8 87 89 195 11 134 14 156 80 73
9 107 195 182 194 166 129 75 79 106 88
9 57 85 148 129 18 74 105 176 186 199
9 91 54 77 47 185 40 116 179 19 106
3 78 53 41 93
8 64 61 136 141 187 180 117 186 95
4 73 154 93 196 58
3 142 198 56 52
5 122 41 150 32 146 45
5 131 9 199 168 59 101
8 83 117 5 95 70 163 13 28 171
9 63 175 78 189 99 80 190 182 17 37
8 68 70 112 48 172 28 18 179 17
8 127 72 99 133 39 66 163 46 146
4 143 60 177 194 169
7 101 127 62 129 11 130 189 33
8 140 3 74 55 84 33 125 35 138
5 111 188 150 197 107 68
5 132 171 156 35 128 191
9 136 192 65 118 87 131 119 142 1 26
3 182 76 107 156
9 98 77 65 165 57 109 34 37 93 83
8 152 152 172 120 129 142 33 111 176
3 120 109 150 29
30 200 100
7 11 177 163 72 9 107 82 172
8 85 88 15 101 5 47 90 148 93
9 63 194 170 3 195 21 155 131 188 79
5 25 39 8 187 16 69
3 96 67 179 42
6 44 149 182 36 135 198 93
6 27 15 198 155 182 174 97
3 121 174 185 83
6 43 85 12 19 34 195 192
5 116 103 163 133 197 12
6 64 143 16 26 122 63 175
7 108 69 118 18 110 124 150 153
9 70 98 136 91 18 181 153 37 10 199
8 78 100 57 161 52 118 134 41 153
10 75 11 45 146 140 62 145 84 20 76 40
4 127 157 6 97 184
4 148 195 142 29 34
5 83 189 182 9 10 184
5 140 92 28 111 62 80
7 107 138 32 160 27 141 77 182
10 124 94 129 24 70 60 99 145 135 91 155
10 94 125 111 115 99 182 170 1 116 155 166
9 149 9 137 72 80 132 50 117 71 3
5 154 187 168 41 190 77
6 163 111 180 1 29 140 99
4 130 84 147 128 171
5 172 126 3 10 45 162
5 170 116 46 66 56 191
9 155 70 140 131 53 21 66 198 82 105
3 185 137 198 10
30 100 100
5 51 89 47 58 57 78
4 4 97 14 4 85
3 96 98 9 44
5 34 8 65 9 68 3
5 48 33 15 62 87 83
4 47 55 85 90 99
3 32 72 73 76
4 46 18 54 63 87
4 125 30 25 65 11
5 89 56 36 42 52 38
3 101 67 41 90
3 108 49 61 90
5 131 13 43 53 12 23
5 65 19 76 47 75 40
3 137 10 84 31
4 110 24 45 34 66
4 142 60 90 75 17
4 144 78 79 45 44
4 91 94 0 99 95
4 75 58 99 14 68
4 93 90 73 88 62
3 82 5 39 4
4 92 29 59 11 79
5 150 40 22 34 52 27
5 166 11 81 28 47 14
4 97 87 2 91 41
4 98 68 34 83 99
4 112 39 42 50 20
4 191 16 82 48 70
5 194 51 66 6 50 31
30 200 100
4 55 62 37 54 8
4 60 76 27 39 52
5 165 41 44 59 83 57
5 234 38 78 90 82 94
5 278 80 7 39 23 35
5 323 94 63 48 96 55
4 325 0 92 24 98
5 375 19 105 65 79 56
5 435 23 13 67 83 32
4 532 26 68 64 106
4 511 68 96 78 50
4 611 4 63 55 44
3 682 104 65 67
3 661 7 20 15
5 731 46 86 49 72 10
5 760 106 58 9 81 49
5 836 10 25 33 99 36
4 908 109 5 17 61
3 904 88 20 15
5 1032 95 52 35 98 59
4 1003 12 71 79 87
3 1074 22 108 91
4 1109 56 105 116 53
3 1225 71 60 122
3 1240 40 111 39
4 1323 105 8 21 33
5 1373 54 36 125 27 89
5 1414 17 125 63 119 126
5 1488 107 28 78 42 116
5 1543 128 121 44 73 37
