12
3
0 0 0
1 0 0
0 0 1
5 2 2
5 3 2
5 2 3
10 22 -2
11 22 -1
11 22 -3
3
0 0 0
1 0 1.5
1 0 -1.5
112 115 109
114 112 110
109 114 111
-110 -121 -130
-115 -129 -140
-104 -114 -119.801961
3
0 0 0
1 0 1.5
1 0 -1.5
112 115 109
114 112 110
109 114 111
-110 -121 -130
-120 -137 -150
-98 -107 -109.603922
2
-99959 -81533 -93666
-99951 -81531 -93673
-99965 -81541 -93661.876894
-75536 -94295 -71855
-75540 -94298 -71857
-75533 -94291 -71853.000000
4
-95173 -94564 -67609
-95172 -94559 -67600
-95170 -94571 -67602.000000
-81284 -80282 -80105
-81288 -80278 -80100
-81279 -80285 -80100.204168
-74333 -73701 -82965
-74345 -73717 -82985
-74350 -73718 -82950.100336
-74453 -72356 -67338
-74476 -72349 -67333
-74437 -72360 -67319.806595
6
-99222 -87684 -96965
-99232 -87688 -96947
-99210 -87692 -96949.768454
-80736 -77352 -72554
-80736 -77364 -72546
-80742 -77359 -72542.909463
-92624 -86069 -73692
-92611 -86079 -73699
-92620 -86082 -73680.467437
-68885 -95361 -70342
-68872 -95357 -70350
-68888 -95368 -70328.179725
-94171 -73223 -84427
-94176 -73247 -84416
-94163 -73202 -84412.269080
-86034 -96570 -68893
-86046 -96569 -68913
-86026 -96553 -68879.143594
8
-89617 -85055 -91091
-89608 -85050 -91095
-89614 -85065 -91087.394449
-72494 -86970 -83587
-72487 -86978 -83577
-72488 -86979 -83577.202041
-72405 -95959 -96398
-72390 -95952 -96403
-72402 -95945 -96388.304640
-75979 -72652 -76801
-75968 -72661 -76813
-75988 -72637 -76794.675445
-99533 -96272 -85107
-99522 -96260 -85095
-99529 -96289 -85096.801961
-82549 -79400 -94751
-82542 -79373 -94743
-82566 -79421 -94740.416995
-94156 -67391 -85011
-94146 -67387 -85011
-94153 -67400 -85005.900980
-98413 -70686 -90497
-98430 -70685 -90511
-98430 -70682 -90483.546376
10
-85202 -84719 -80411
-85215 -84704 -80426
-85202 -84743 -80404.442561
-87708 -93962 -75821
-87720 -93975 -75823
-87706 -93967 -75804.029437
-79945 -79672 -77354
-79946 -79668 -77360
-79941 -79666 -77353.000000
-76156 -98584 -78119
-76146 -98605 -78135
-76149 -98574 -78093.544156
-71524 -72108 -75611
-71518 -72129 -75624
-71517 -72115 -75587.590600
-82139 -85312 -86599
-82146 -85298 -86610
-82154 -85309 -86587.510875
-89715 -72912 -68574
-89728 -72911 -68567
-89706 -72904 -68565.397675
-74279 -82811 -80024
-74287 -82825 -80039
-74270 -82825 -80009.577795
-78282 -96247 -83861
-78282 -96243 -83849
-78276 -96239 -83853.254033
-96703 -79584 -71714
-96703 -79573 -71705
-96702 -79573 -71705.055728
12
-95687 -75645 -68815
-95697 -75659 -68805
-95689 -75629 -68803.338096
-72244 -71679 -80442
-72229 -71672 -80440
-72238 -71681 -80426.572751
-89534 -87956 -78341
-89518 -87967 -78333
-89545 -87965 -78325.540375
-95255 -79351 -86814
-95258 -79341 -86828
-95254 -79351 -86796.564404
-90095 -82042 -92609
-90097 -82031 -92605
-90095 -82042 -92597.125658
-71930 -92513 -71703
-71920 -92532 -71690
-71954 -92512 -71695.719890
-82808 -86015 -96898
-82814 -86020 -96902
-82814 -86015 -96891.596876
-86939 -85819 -68997
-86956 -85810 -68997
-86958 -85819 -68994.000000
-99858 -82778 -68714
-99869 -82768 -68704
-99849 -82769 -68701.390480
-99860 -86306 -97305
-99853 -86300 -97310
-99860 -86314 -97298.217670
-73698 -82629 -77534
-73682 -82620 -77542
-73697 -82627 -77514.100251
-78881 -76848 -97200
-78890 -76852 -97215
-78892 -76836 -97192.450166
14
-79685 -90424 -69773
-79689 -90422 -69776
-79690 -90425 -69771.267949
-70435 -96513 -70423
-70418 -96524 -70410
-70443 -96493 -70412.276195
-71480 -93098 -85038
-71478 -93100 -85048
-71476 -93105 -85031.442561
-79674 -70989 -69229
-79690 -70971 -69213
-79670 -71009 -69208.506098
-69812 -78237 -95060
-69802 -78256 -95070
-69794 -78246 -95047.510004
-73942 -93561 -97697
-73936 -93564 -97689
-73935 -93566 -97691.083920
-85113 -80199 -77150
-85114 -80192 -77154
-85116 -80204 -77144.343146
-68889 -71296 -87165
-68902 -71306 -87189
-68878 -71277 -87145.947441
-86978 -70383 -89888
-86988 -70387 -89912
-86971 -70408 -89883.757359
-93346 -83028 -78543
-93328 -83043 -78544
-93360 -83023 -78524.861643
-88365 -89933 -77152
-88387 -89939 -77133
-88351 -89914 -77134.000000
-77259 -79825 -78541
-77252 -79813 -78544
-77271 -79818 -78538.000000
-84119 -99700 -85587
-84122 -99698 -85595
-84120 -99705 -85579.858572
-71704 -87327 -89960
-71705 -87339 -89943
-71718 -87329 -89944.702941
16
-91241 -88808 -92395
-91250 -88803 -92386
-91239 -88814 -92382.875644
-70708 -94003 -82451
-70723 -94021 -82435
-70721 -94011 -82427.083479
-68760 -72187 -70826
-68755 -72182 -70817
-68761 -72194 -70817.000000
-73572 -71973 -95916
-73577 -71984 -95936
-73571 -71975 -95892.740593
-97637 -90990 -77829
-97619 -90980 -77835
-97621 -91000 -77818.801961
-92409 -93296 -68182
-92426 -93298 -68166
-92406 -93315 -68168.620912
-71288 -82454 -81322
-71288 -82463 -81304
-71285 -82438 -81310.167840
-97135 -81460 -76755
-97149 -81467 -76761
-97144 -81450 -76745.000000
-75528 -72848 -74913
-75541 -72840 -74911
-75515 -72850 -74905.000000
-88400 -73031 -85985
-88396 -73019 -85991
-88391 -73022 -85979.169048
-92051 -87157 -78570
-92058 -87162 -78571
-92049 -87149 -78567.354249
-88776 -84252 -80077
-88752 -84252 -80063
-88783 -84275 -80063.071612
-67274 -74589 -78975
-67265 -74604 -78960
-67285 -74604 -78961.398529
-82036 -76658 -91925
-82037 -76643 -91906
-82045 -76673 -91908.236945
-98645 -78985 -98869
-98646 -79004 -98866
-98631 -78991 -98857.210174
-80310 -98350 -94338
-80309 -98371 -94359
-80292 -98330 -94325.390480
20
-73697 -85744 -99852
-73693 -85732 -99841
-73706 -85757 -99846.432236
-98718 -86347 -69326
-98722 -86346 -69332
-98716 -86346 -69319.071797
-80963 -93590 -68539
-80980 -93569 -68551
-80979 -93602 -68517.228459
-74731 -75063 -71131
-74743 -75089 -71129
-74711 -75045 -71121.000000
-75445 -92185 -81670
-75471 -92166 -81660
-75457 -92202 -81643.467002
-79290 -75516 -75226
-79295 -75509 -75230
-79291 -75518 -75216.780456
-82890 -74102 -76927
-82879 -74100 -76911
-82882 -74088 -76916.000000
-98115 -78026 -98929
-98130 -78040 -98921
-98099 -78013 -98921.254033
-90324 -84371 -71350
-90300 -84353 -71351
-90300 -84362 -71334.379501
-72274 -71334 -70913
-72270 -71327 -70907
-72269 -71337 -70904.814647
-85279 -93936 -70691
-85293 -93957 -70673
-85299 -93942 -70668.087122
-90682 -94398 -68093
-90685 -94389 -68082
-90684 -94406 -68081.041739
-70004 -70848 -98946
-70006 -70837 -98948
-70004 -70854 -98936.356349
-93005 -98948 -74731
-92978 -98944 -74714
-92997 -98930 -74705.583470
-67502 -71514 -78804
-67491 -71511 -78799
-67494 -71510 -78795.339746
-86963 -96075 -89353
-86988 -96095 -89352
-86990 -96070 -89336.507577
-85400 -92722 -79201
-85398 -92707 -79198
-85400 -92726 -79186.100336
-91238 -90433 -77664
-91252 -90454 -77640
-91216 -90452 -77644.816674
-83602 -76854 -91286
-83602 -76861 -91281
-83606 -76860 -91281.309584
-75485 -88479 -99525
-75463 -88499 -99523
-75486 -88496 -99500.545961
