50
429206603 94461 53092
858251734 74359 56099
899920645 13438 34254
768273751 65415 81855
312441795 52148 5023
345374969 89564 16862
377371425 17636 66145
998178974 57552 26816
401117806 81364 53704
602063263 54273 33094
279176659 33733 81929
667244643 44505 23811
301693096 70352 48873
101413717 6596 89060
875493238 37430 64649
668101718 77137 54429
752575271 64324 68435
258727709 93013 84140
6232671 36758 25627
299435377 53147 93032
158650397 66100 28854
455742267 93177 61791
873921365 71454 61960
619100532 26730 43786
990307786 50977 86850
733742811 60943 83566
83326403 45141 85050
712393697 10836 179
856754242 89657 65573
763419777 47924 93859
562265062 8457 95939
307532839 22837 79708
571417283 31738 10766
169265646 67249 12730
233403329 33591 80948
505888118 65308 82463
353429077 41083 72495
563912681 36058 93740
110424209 7158 72401
409803254 57876 89968
194939252 27855 46453
376132694 9130 51911
492609202 75432 57912
401971494 63074 67898
739477515 54940 10210
619343020 23737 58591
503873488 34848 28221
578736819 91673 4181
530869023 69332 32513
395548638 25211 97031
